0	0	0.050173739614260957	0.10999292480276043	0.1046988695661581	0.06585991358766285	0.09050342422537692	0.10720542773176323	0.06981273099357968	0.06893853539990741	0.08012482374938648	0.05843288679958657	0.06081465639461042	0.13344206713494708
1	1	0.059778907016390936	0.08878923727732067	0.10379305346769288	0.09171852660320932	0.07305678999232626	0.1250937338929169	0.05635470779854325	0.07492635316767662	0.08395622497348118	0.10500055098261551	0.049091220787541766	0.08844069404028483
2	2	0.058648324527203234	0.08710999016652043	0.10183004319188238	0.05215841323682318	0.09058781914645184	0.0849024041524273	0.13093981705301577	0.035683825688841264	0.10128111602728393	0.08410197093428581	0.06707550434591592	0.10568077152934907
3	3	0.04298764736779324	0.13516047099112855	0.08970346080078366	0.07688777789490377	0.07754114634645427	0.11231161506412916	0.08027445630598497	0.03860427502666297	0.10957020394108967	0.050063885046927	0.07256512347922382	0.11432993773491903
4	4	0.034513617287676567	0.0756621639164334	0.10487499405520248	0.07815837151918369	0.06225568536356555	0.12302646852762174	0.0480229278870629	0.04742158438772361	0.1043982058357728	0.05662219476589792	0.17325137730556947	0.09179240914828996
5	5	0.050940875269515434	0.09208942189827228	0.10487499405520248	0.14386740344653914	0.06225568536356555	0.1394537265094606	0.0480229278870629	0.04742158438772361	0.08797094785393395	0.05662219476589792	0.058260571432697396	0.10821966713012883
6	6	0.039735591832413396	0.12493545555610011	0.12074277588667222	0.07107114593161301	0.16623874992561122	0.12272786954200697	0.05528888627385641	0.035683825688841264	0.08236838333249409	0.04627650554470613	0.04816277165112608	0.08676803883455923
7	7	0.0824411098533235	0.13908638786851074	0.07085650008493925	0.04457166531076582	0.09357305265119394	0.12103814371516976	0.09573208615615277	0.030493403401464603	0.07038741760443165	0.039545315681387645	0.0411572132903248	0.17111770438233564
8	8	0.03694097285225281	0.1337312915693681	0.07708570515253539	0.06607268575515653	0.10179933722729526	0.11409637274529918	0.10414817777090372	0.08592194840222366	0.07657538423996868	0.043021861665833584	0.06235805913106871	0.09824820348809447
9	9	0.0824411098533235	0.12292462336166753	0.07085650008493925	0.04457166531076582	0.09357305265119394	0.10487637920832653	0.1280556151698392	0.030493403401464603	0.07038741760443165	0.039545315681387645	0.0411572132903248	0.17111770438233564
10	10	0.03694097285225281	0.1337312915693681	0.21774645040817475	0.048490092598201605	0.10179933722729526	0.07893118643138934	0.051400398300038945	0.05075676208831381	0.05899279108301376	0.060604454822788506	0.04477546597411379	0.1158307966450494
11	11	0.03694097285225281	0.1337312915693681	0.23532904356512968	0.048490092598201605	0.10179933722729526	0.07893118643138934	0.051400398300038945	0.03317416893135889	0.05899279108301376	0.060604454822788506	0.04477546597411379	0.1158307966450494
